# 4144 15 62160
1	1.56213e-05	0.890432	1.56213e-05	0.109365	1.56213e-05	1.56213e-05	1.56213e-05	1.56213e-05	1.56213e-05	1.56213e-05	1.56213e-05	1.56213e-05	1.56213e-05	1.56213e-05	1.56213e-05	
2	0.000124766	0.998253	0.000124766	0.000124766	0.000124766	0.000124766	0.000124766	0.000124766	0.000124766	0.000124766	0.000124766	0.000124766	0.000124766	0.000124766	0.000124766	
3	0.333212	3.02893e-05	3.02893e-05	3.02893e-05	0.666394	3.02893e-05	3.02893e-05	3.02893e-05	3.02893e-05	3.02893e-05	3.02893e-05	3.02893e-05	3.02893e-05	3.02893e-05	3.02893e-05	
4	2.27195e-05	2.27195e-05	2.27195e-05	2.27195e-05	2.27195e-05	2.27195e-05	2.27195e-05	2.27195e-05	2.27195e-05	0.999682	2.27195e-05	2.27195e-05	2.27195e-05	2.27195e-05	2.27195e-05	
5	6.24415e-05	6.24415e-05	6.24415e-05	6.24415e-05	0.437153	6.24415e-05	6.24415e-05	6.24415e-05	6.24415e-05	6.24415e-05	6.24415e-05	6.24415e-05	6.24415e-05	6.24415e-05	0.562036	
6	0.000166251	0.000166251	0.000166251	0.000166251	0.000166251	0.000166251	0.000166251	0.000166251	0.000166251	0.997672	0.000166251	0.000166251	0.000166251	0.000166251	0.000166251	
7	0.000331675	0.000331675	0.000331675	0.000331675	0.000331675	0.000331675	0.000331675	0.000331675	0.000331675	0.995357	0.000331675	0.000331675	0.000331675	0.000331675	0.000331675	
8	0.277602	5.55093e-05	5.55093e-05	5.55093e-05	0.222093	0.499639	5.55093e-05	5.55093e-05	5.55093e-05	5.55093e-05	5.55093e-05	5.55093e-05	5.55093e-05	5.55093e-05	5.55093e-05	
9	0.998253	0.000124766	0.000124766	0.000124766	0.000124766	0.000124766	0.000124766	0.000124766	0.000124766	0.000124766	0.000124766	0.000124766	0.000124766	0.000124766	0.000124766	
10	0.38084	2.3801e-05	2.3801e-05	2.3801e-05	0.571248	2.3801e-05	2.3801e-05	2.3801e-05	2.3801e-05	2.3801e-05	2.3801e-05	2.3801e-05	2.3801e-05	0.0476258	2.3801e-05	
11	2.49906e-05	2.49906e-05	2.49906e-05	2.49906e-05	2.49906e-05	2.49906e-05	2.49906e-05	2.49906e-05	2.49906e-05	0.99965	2.49906e-05	2.49906e-05	2.49906e-05	2.49906e-05	2.49906e-05	
12	0.000166251	0.000166251	0.000166251	0.000166251	0.000166251	0.000166251	0.000166251	0.000166251	0.000166251	0.000166251	0.000166251	0.000166251	0.000166251	0.000166251	0.997672	
13	7.13521e-05	0.999001	7.13521e-05	7.13521e-05	7.13521e-05	7.13521e-05	7.13521e-05	7.13521e-05	7.13521e-05	7.13521e-05	7.13521e-05	7.13521e-05	7.13521e-05	7.13521e-05	7.13521e-05	
14	0.000142552	0.998004	0.000142552	0.000142552	0.000142552	0.000142552	0.000142552	0.000142552	0.000142552	0.000142552	0.000142552	0.000142552	0.000142552	0.000142552	0.000142552	
15	0.000166251	0.997672	0.000166251	0.000166251	0.000166251	0.000166251	0.000166251	0.000166251	0.000166251	0.000166251	0.000166251	0.000166251	0.000166251	0.000166251	0.000166251	
16	0.000249066	0.747447	0.000249066	0.249315	0.000249066	0.000249066	0.000249066	0.000249066	0.000249066	0.000249066	0.000249066	0.000249066	0.000249066	0.000249066	0.000249066	
17	0.333185	3.70165e-05	3.70165e-05	3.70165e-05	3.70165e-05	0.333185	3.70165e-05	3.70165e-05	3.70165e-05	0.333185	3.70165e-05	3.70165e-05	3.70165e-05	3.70165e-05	3.70165e-05	
18	0.999392	4.34499e-05	4.34499e-05	4.34499e-05	4.34499e-05	4.34499e-05	4.34499e-05	4.34499e-05	4.34499e-05	4.34499e-05	4.34499e-05	4.34499e-05	4.34499e-05	4.34499e-05	4.34499e-05	
19	2.43813e-05	2.43813e-05	2.43813e-05	2.43813e-05	2.43813e-05	0.219456	0.609557	2.43813e-05	2.43813e-05	0.170694	2.43813e-05	2.43813e-05	2.43813e-05	2.43813e-05	2.43813e-05	
20	3.02893e-05	3.02893e-05	3.02893e-05	3.02893e-05	3.02893e-05	3.02893e-05	3.02893e-05	3.02893e-05	0.999576	3.02893e-05	3.02893e-05	3.02893e-05	3.02893e-05	3.02893e-05	3.02893e-05	
21	0.789188	2.63054e-05	2.63054e-05	2.63054e-05	0.21047	2.63054e-05	2.63054e-05	2.63054e-05	2.63054e-05	2.63054e-05	2.63054e-05	2.63054e-05	2.63054e-05	2.63054e-05	2.63054e-05	
22	0.869042	4.34499e-05	4.34499e-05	0.130393	4.34499e-05	4.34499e-05	4.34499e-05	4.34499e-05	4.34499e-05	4.34499e-05	4.34499e-05	4.34499e-05	4.34499e-05	4.34499e-05	4.34499e-05	
23	0.999177	5.87717e-05	5.87717e-05	5.87717e-05	5.87717e-05	5.87717e-05	5.87717e-05	5.87717e-05	5.87717e-05	5.87717e-05	5.87717e-05	5.87717e-05	5.87717e-05	5.87717e-05	5.87717e-05	
24	0.533178	2.22148e-05	2.22148e-05	2.22148e-05	2.22148e-05	0.466533	2.22148e-05	2.22148e-05	2.22148e-05	2.22148e-05	2.22148e-05	2.22148e-05	2.22148e-05	2.22148e-05	2.22148e-05	
25	0.81767	4.54236e-05	4.54236e-05	0.18174	4.54236e-05	4.54236e-05	4.54236e-05	4.54236e-05	4.54236e-05	4.54236e-05	4.54236e-05	4.54236e-05	4.54236e-05	4.54236e-05	4.54236e-05	
26	2.85592e-05	0.0857061	2.85592e-05	2.85592e-05	2.85592e-05	2.85592e-05	0.257061	2.85592e-05	0.65689	2.85592e-05	2.85592e-05	2.85592e-05	2.85592e-05	2.85592e-05	2.85592e-05	
27	0.483669	3.22425e-05	3.22425e-05	3.22425e-05	3.22425e-05	0.386942	3.22425e-05	3.22425e-05	3.22425e-05	3.22425e-05	3.22425e-05	3.22425e-05	0.129002	3.22425e-05	3.22425e-05	
28	0.9996	2.85592e-05	2.85592e-05	2.85592e-05	2.85592e-05	2.85592e-05	2.85592e-05	2.85592e-05	2.85592e-05	2.85592e-05	2.85592e-05	2.85592e-05	2.85592e-05	2.85592e-05	2.85592e-05	
29	2.12698e-05	2.12698e-05	0.14891	2.12698e-05	2.12698e-05	2.12698e-05	2.12698e-05	2.12698e-05	0.850814	2.12698e-05	2.12698e-05	2.12698e-05	2.12698e-05	2.12698e-05	2.12698e-05	
30	2.70161e-05	2.70161e-05	2.70161e-05	2.70161e-05	2.70161e-05	2.70161e-05	0.32422	2.70161e-05	2.70161e-05	0.675429	2.70161e-05	2.70161e-05	2.70161e-05	2.70161e-05	2.70161e-05	
31	6.40964e-06	6.40964e-06	6.40964e-06	6.40964e-06	6.40964e-06	0.621741	0.243573	6.40964e-06	6.40964e-06	6.40964e-06	6.40964e-06	6.40964e-06	6.40964e-06	0.134609	6.40964e-06	
32	1.3886e-05	1.3886e-05	1.3886e-05	1.3886e-05	1.3886e-05	0.610998	0.388822	1.3886e-05	1.3886e-05	1.3886e-05	1.3886e-05	1.3886e-05	1.3886e-05	1.3886e-05	1.3886e-05	
33	1.36958e-05	1.36958e-05	1.36958e-05	1.36958e-05	1.36958e-05	0.60263	0.397192	1.36958e-05	1.36958e-05	1.36958e-05	1.36958e-05	1.36958e-05	1.36958e-05	1.36958e-05	1.36958e-05	
34	7.13521e-05	7.13521e-05	7.13521e-05	7.13521e-05	7.13521e-05	7.13521e-05	7.13521e-05	7.13521e-05	7.13521e-05	7.13521e-05	0.28548	0.713593	7.13521e-05	7.13521e-05	7.13521e-05	
35	0.39888	5.46403e-06	5.46403e-06	5.46403e-06	5.46403e-06	0.196711	0.08743	5.46403e-06	0.251351	5.46403e-06	5.46403e-06	0.0655739	5.46403e-06	5.46403e-06	5.46403e-06	
36	0.942482	2.85592e-05	2.85592e-05	2.85592e-05	2.85592e-05	0.0571469	2.85592e-05	2.85592e-05	2.85592e-05	2.85592e-05	2.85592e-05	2.85592e-05	2.85592e-05	2.85592e-05	2.85592e-05	
37	0.999364	4.54236e-05	4.54236e-05	4.54236e-05	4.54236e-05	4.54236e-05	4.54236e-05	4.54236e-05	4.54236e-05	4.54236e-05	4.54236e-05	4.54236e-05	4.54236e-05	4.54236e-05	4.54236e-05	
38	1.51481e-05	1.51481e-05	1.51481e-05	1.51481e-05	0.242384	1.51481e-05	0.227236	1.51481e-05	1.51481e-05	0.530198	1.51481e-05	1.51481e-05	1.51481e-05	1.51481e-05	1.51481e-05	
39	2.32477e-05	2.32477e-05	0.139509	2.32477e-05	2.32477e-05	0.348739	0.2325	2.32477e-05	2.32477e-05	0.278996	2.32477e-05	2.32477e-05	2.32477e-05	2.32477e-05	2.32477e-05	
40	0.353606	1.21929e-05	1.21929e-05	0.0365909	1.21929e-05	0.195098	1.21929e-05	1.21929e-05	1.21929e-05	0.414571	1.21929e-05	1.21929e-05	1.21929e-05	1.21929e-05	1.21929e-05	
41	0.736666	1.75392e-05	1.75392e-05	1.75392e-05	1.75392e-05	1.75392e-05	1.75392e-05	1.75392e-05	1.75392e-05	1.75392e-05	1.75392e-05	1.75392e-05	1.75392e-05	0.263106	1.75392e-05	
42	0.639828	1.9994e-05	1.9994e-05	0.060002	0.29993	1.9994e-05	1.9994e-05	1.9994e-05	1.9994e-05	1.9994e-05	1.9994e-05	1.9994e-05	1.9994e-05	1.9994e-05	1.9994e-05	
43	0.562036	6.24415e-05	6.24415e-05	6.24415e-05	6.24415e-05	0.437153	6.24415e-05	6.24415e-05	6.24415e-05	6.24415e-05	6.24415e-05	6.24415e-05	6.24415e-05	6.24415e-05	6.24415e-05	
44	0.468562	3.12354e-05	3.12354e-05	3.12354e-05	3.12354e-05	0.531032	3.12354e-05	3.12354e-05	3.12354e-05	3.12354e-05	3.12354e-05	3.12354e-05	3.12354e-05	3.12354e-05	3.12354e-05	
45	0.618653	4.75851e-05	4.75851e-05	0.380728	4.75851e-05	4.75851e-05	4.75851e-05	4.75851e-05	4.75851e-05	4.75851e-05	4.75851e-05	4.75851e-05	4.75851e-05	4.75851e-05	4.75851e-05	
46	5.87717e-05	5.87717e-05	5.87717e-05	5.87717e-05	5.87717e-05	5.87717e-05	5.87717e-05	5.87717e-05	0.764091	0.235145	5.87717e-05	5.87717e-05	5.87717e-05	5.87717e-05	5.87717e-05	
47	0.678244	3.56952e-05	3.56952e-05	3.56952e-05	3.56952e-05	3.56952e-05	3.56952e-05	3.56952e-05	3.56952e-05	3.56952e-05	3.56952e-05	3.56952e-05	3.56952e-05	3.56952e-05	0.321292	
48	4.99625e-05	4.99625e-05	4.99625e-05	4.99625e-05	4.99625e-05	4.99625e-05	4.99625e-05	4.99625e-05	0.949338	4.99625e-05	4.99625e-05	4.99625e-05	0.0500125	4.99625e-05	4.99625e-05	
49	0.285558	4.75851e-05	4.75851e-05	4.75851e-05	4.75851e-05	0.713823	4.75851e-05	4.75851e-05	4.75851e-05	4.75851e-05	4.75851e-05	4.75851e-05	4.75851e-05	4.75851e-05	4.75851e-05	
50	0.99972	1.9994e-05	1.9994e-05	1.9994e-05	1.9994e-05	1.9994e-05	1.9994e-05	1.9994e-05	1.9994e-05	1.9994e-05	1.9994e-05	1.9994e-05	1.9994e-05	1.9994e-05	1.9994e-05	
51	0.999482	3.70165e-05	3.70165e-05	3.70165e-05	3.70165e-05	3.70165e-05	3.70165e-05	3.70165e-05	3.70165e-05	3.70165e-05	3.70165e-05	3.70165e-05	3.70165e-05	3.70165e-05	3.70165e-05	
52	0.301531	1.58692e-05	0.0952313	1.58692e-05	1.58692e-05	1.58692e-05	1.58692e-05	1.58692e-05	1.58692e-05	1.58692e-05	1.58692e-05	1.58692e-05	1.58692e-05	0.587178	0.0158851	
53	0.0622953	3.27853e-06	3.27853e-06	3.27853e-06	3.27853e-06	3.27853e-06	3.27853e-06	3.27853e-06	3.27853e-06	3.27853e-06	3.27853e-06	3.27853e-06	3.27853e-06	0.937662	3.27853e-06	
54	0.836499	2.04019e-05	0.163236	2.04019e-05	2.04019e-05	2.04019e-05	2.04019e-05	2.04019e-05	2.04019e-05	2.04019e-05	2.04019e-05	2.04019e-05	2.04019e-05	2.04019e-05	2.04019e-05	
55	0.765734	2.12698e-05	2.12698e-05	0.0851005	2.12698e-05	2.12698e-05	2.12698e-05	2.12698e-05	2.12698e-05	2.12698e-05	2.12698e-05	2.12698e-05	0.14891	2.12698e-05	2.12698e-05	
56	0.758263	3.44649e-05	3.44649e-05	3.44649e-05	3.44649e-05	0.241289	3.44649e-05	3.44649e-05	3.44649e-05	3.44649e-05	3.44649e-05	3.44649e-05	3.44649e-05	3.44649e-05	3.44649e-05	
57	0.595049	2.3801e-05	2.3801e-05	2.3801e-05	2.3801e-05	0.404641	2.3801e-05	2.3801e-05	2.3801e-05	2.3801e-05	2.3801e-05	2.3801e-05	2.3801e-05	2.3801e-05	2.3801e-05	
58	0.814607	1.85134e-05	1.85134e-05	1.85134e-05	1.85134e-05	1.85134e-05	1.85134e-05	1.85134e-05	1.85134e-05	0.185152	1.85134e-05	1.85134e-05	1.85134e-05	1.85134e-05	1.85134e-05	
59	0.333238	2.3801e-05	2.3801e-05	2.3801e-05	2.3801e-05	2.3801e-05	0.595049	2.3801e-05	2.3801e-05	2.3801e-05	2.3801e-05	2.3801e-05	0.0714269	2.3801e-05	2.3801e-05	
60	0.999417	4.16406e-05	4.16406e-05	4.16406e-05	4.16406e-05	4.16406e-05	4.16406e-05	4.16406e-05	4.16406e-05	4.16406e-05	4.16406e-05	4.16406e-05	4.16406e-05	4.16406e-05	4.16406e-05	
61	0.81784	3.02893e-05	3.02893e-05	3.02893e-05	3.02893e-05	0.181766	3.02893e-05	3.02893e-05	3.02893e-05	3.02893e-05	3.02893e-05	3.02893e-05	3.02893e-05	3.02893e-05	3.02893e-05	
62	0.654868	3.44649e-05	3.44649e-05	3.44649e-05	3.44649e-05	3.44649e-05	0.275754	3.44649e-05	3.44649e-05	0.0689643	3.44649e-05	3.44649e-05	3.44649e-05	3.44649e-05	3.44649e-05	
63	0.466267	6.66001e-05	6.66001e-05	6.66001e-05	6.66001e-05	0.532867	6.66001e-05	6.66001e-05	6.66001e-05	6.66001e-05	6.66001e-05	6.66001e-05	6.66001e-05	6.66001e-05	6.66001e-05	
64	0.865867	6.66001e-05	6.66001e-05	6.66001e-05	6.66001e-05	6.66001e-05	6.66001e-05	6.66001e-05	6.66001e-05	6.66001e-05	6.66001e-05	6.66001e-05	6.66001e-05	6.66001e-05	0.133267	
65	0.205821	2.93988e-05	2.93988e-05	2.93988e-05	2.93988e-05	0.793797	2.93988e-05	2.93988e-05	2.93988e-05	2.93988e-05	2.93988e-05	2.93988e-05	2.93988e-05	2.93988e-05	2.93988e-05	
66	0.166604	4.16406e-05	4.16406e-05	0.499729	4.16406e-05	0.208245	0.124964	4.16406e-05	4.16406e-05	4.16406e-05	4.16406e-05	4.16406e-05	4.16406e-05	4.16406e-05	4.16406e-05	
67	1.96021e-05	1.96021e-05	1.96021e-05	1.96021e-05	1.96021e-05	1.96021e-05	0.274449	1.96021e-05	1.96021e-05	1.96021e-05	1.96021e-05	1.96021e-05	1.96021e-05	1.96021e-05	0.725296	
68	2.77662e-05	2.77662e-05	2.77662e-05	2.77662e-05	2.77662e-05	2.77662e-05	2.77662e-05	2.77662e-05	0.360988	2.77662e-05	2.77662e-05	0.638651	2.77662e-05	2.77662e-05	2.77662e-05	
69	0.44173	2.32477e-05	2.32477e-05	2.32477e-05	2.32477e-05	2.32477e-05	2.32477e-05	2.32477e-05	0.325491	2.32477e-05	2.32477e-05	2.32477e-05	2.32477e-05	0.2325	2.32477e-05	
70	0.535463	3.56952e-05	3.56952e-05	3.56952e-05	3.56952e-05	3.56952e-05	3.56952e-05	3.56952e-05	3.56952e-05	0.142816	3.56952e-05	0.321292	3.56952e-05	3.56952e-05	3.56952e-05	
71	0.83295	3.33167e-05	3.33167e-05	3.33167e-05	3.33167e-05	0.166617	3.33167e-05	3.33167e-05	3.33167e-05	3.33167e-05	3.33167e-05	3.33167e-05	3.33167e-05	3.33167e-05	3.33167e-05	
72	1.44896e-05	1.44896e-05	1.44896e-05	1.44896e-05	1.44896e-05	1.44896e-05	1.44896e-05	1.44896e-05	0.652047	1.44896e-05	1.44896e-05	1.44896e-05	0.0869521	0.260827	1.44896e-05	
73	1.0751e-05	1.0751e-05	1.0751e-05	1.0751e-05	0.204279	0.0537655	1.0751e-05	1.0751e-05	0.741827	1.0751e-05	1.0751e-05	1.0751e-05	1.0751e-05	1.0751e-05	1.0751e-05	
74	0.805248	2.77662e-05	2.77662e-05	0.194391	2.77662e-05	2.77662e-05	2.77662e-05	2.77662e-05	2.77662e-05	2.77662e-05	2.77662e-05	2.77662e-05	2.77662e-05	2.77662e-05	2.77662e-05	
75	0.666452	2.3801e-05	2.3801e-05	2.3801e-05	0.333238	2.3801e-05	2.3801e-05	2.3801e-05	2.3801e-05	2.3801e-05	2.3801e-05	2.3801e-05	2.3801e-05	2.3801e-05	2.3801e-05	
76	0.499884	1.78524e-05	1.78524e-05	1.78524e-05	1.78524e-05	0.499884	1.78524e-05	1.78524e-05	1.78524e-05	1.78524e-05	1.78524e-05	1.78524e-05	1.78524e-05	1.78524e-05	1.78524e-05	
77	0.832695	5.55093e-05	5.55093e-05	5.55093e-05	5.55093e-05	0.166583	5.55093e-05	5.55093e-05	5.55093e-05	5.55093e-05	5.55093e-05	5.55093e-05	5.55093e-05	5.55093e-05	5.55093e-05	
78	0.999001	7.13521e-05	7.13521e-05	7.13521e-05	7.13521e-05	7.13521e-05	7.13521e-05	7.13521e-05	7.13521e-05	7.13521e-05	7.13521e-05	7.13521e-05	7.13521e-05	7.13521e-05	7.13521e-05	
79	0.865867	6.66001e-05	6.66001e-05	6.66001e-05	0.133267	6.66001e-05	6.66001e-05	6.66001e-05	6.66001e-05	6.66001e-05	6.66001e-05	6.66001e-05	6.66001e-05	6.66001e-05	6.66001e-05	
80	1.85134e-05	1.85134e-05	1.85134e-05	1.85134e-05	1.85134e-05	1.85134e-05	1.85134e-05	1.85134e-05	0.999741	1.85134e-05	1.85134e-05	1.85134e-05	1.85134e-05	1.85134e-05	1.85134e-05	
81	0.419894	1.9994e-05	1.9994e-05	1.9994e-05	1.9994e-05	0.579846	1.9994e-05	1.9994e-05	1.9994e-05	1.9994e-05	1.9994e-05	1.9994e-05	1.9994e-05	1.9994e-05	1.9994e-05	
82	0.999482	3.70165e-05	3.70165e-05	3.70165e-05	3.70165e-05	3.70165e-05	3.70165e-05	3.70165e-05	3.70165e-05	3.70165e-05	3.70165e-05	3.70165e-05	3.70165e-05	3.70165e-05	3.70165e-05	
83	0.999563	3.12354e-05	3.12354e-05	3.12354e-05	3.12354e-05	3.12354e-05	3.12354e-05	3.12354e-05	3.12354e-05	3.12354e-05	3.12354e-05	3.12354e-05	3.12354e-05	3.12354e-05	3.12354e-05	
84	0.865867	6.66001e-05	6.66001e-05	6.66001e-05	6.66001e-05	6.66001e-05	6.66001e-05	6.66001e-05	6.66001e-05	6.66001e-05	0.133267	6.66001e-05	6.66001e-05	6.66001e-05	6.66001e-05	
85	0.874243	6.24415e-05	6.24415e-05	6.24415e-05	6.24415e-05	6.24415e-05	6.24415e-05	0.124945	6.24415e-05	6.24415e-05	6.24415e-05	6.24415e-05	6.24415e-05	6.24415e-05	6.24415e-05	
86	0.416448	0.208245	4.16406e-05	0.374807	4.16406e-05	4.16406e-05	4.16406e-05	4.16406e-05	4.16406e-05	4.16406e-05	4.16406e-05	4.16406e-05	4.16406e-05	4.16406e-05	4.16406e-05	
87	2.43813e-05	2.43813e-05	2.43813e-05	2.43813e-05	0.146312	2.43813e-05	2.43813e-05	2.43813e-05	0.46327	2.43813e-05	2.43813e-05	0.390126	2.43813e-05	2.43813e-05	2.43813e-05	
88	0.999392	4.34499e-05	4.34499e-05	4.34499e-05	4.34499e-05	4.34499e-05	4.34499e-05	4.34499e-05	4.34499e-05	4.34499e-05	4.34499e-05	4.34499e-05	4.34499e-05	4.34499e-05	4.34499e-05	
89	4.34499e-05	4.34499e-05	4.34499e-05	4.34499e-05	4.34499e-05	4.34499e-05	4.34499e-05	4.34499e-05	0.651792	4.34499e-05	4.34499e-05	4.34499e-05	0.347643	4.34499e-05	4.34499e-05	
90	0.758263	3.44649e-05	3.44649e-05	3.44649e-05	3.44649e-05	0.241289	3.44649e-05	3.44649e-05	3.44649e-05	3.44649e-05	3.44649e-05	3.44649e-05	3.44649e-05	3.44649e-05	3.44649e-05	
91	0.799267	6.66001e-05	6.66001e-05	6.66001e-05	6.66001e-05	0.199867	6.66001e-05	6.66001e-05	6.66001e-05	6.66001e-05	6.66001e-05	6.66001e-05	6.66001e-05	6.66001e-05	6.66001e-05	
92	0.687209	3.12354e-05	3.12354e-05	3.12354e-05	0.249914	0.062502	3.12354e-05	3.12354e-05	3.12354e-05	3.12354e-05	3.12354e-05	3.12354e-05	3.12354e-05	3.12354e-05	3.12354e-05	
93	5.40497e-06	5.40497e-06	5.40497e-06	5.40497e-06	5.40497e-06	5.40497e-06	0.0972948	5.40497e-06	5.40497e-06	0.816155	5.40497e-06	5.40497e-06	5.40497e-06	5.40497e-06	0.0864849	
94	0.723798	3.44649e-05	3.44649e-05	0.275754	3.44649e-05	3.44649e-05	3.44649e-05	3.44649e-05	3.44649e-05	3.44649e-05	3.44649e-05	3.44649e-05	3.44649e-05	3.44649e-05	3.44649e-05	
95	5.25901e-05	5.25901e-05	5.25901e-05	0.315593	5.25901e-05	5.25901e-05	5.25901e-05	5.25901e-05	0.578543	5.25901e-05	5.25901e-05	5.25901e-05	5.25901e-05	0.105233	5.25901e-05	
96	0.531032	3.12354e-05	3.12354e-05	3.12354e-05	3.12354e-05	3.12354e-05	3.12354e-05	3.12354e-05	3.12354e-05	3.12354e-05	3.12354e-05	3.12354e-05	3.12354e-05	3.12354e-05	0.468562	
97	0.49975	3.84394e-05	3.84394e-05	3.84394e-05	0.49975	3.84394e-05	3.84394e-05	3.84394e-05	3.84394e-05	3.84394e-05	3.84394e-05	3.84394e-05	3.84394e-05	3.84394e-05	3.84394e-05	
98	0.902133	2.43813e-05	2.43813e-05	2.43813e-05	2.43813e-05	0.0975497	2.43813e-05	2.43813e-05	2.43813e-05	2.43813e-05	2.43813e-05	2.43813e-05	2.43813e-05	2.43813e-05	2.43813e-05	
99	0.796425	1.69448e-05	1.69448e-05	1.69448e-05	0.203355	1.69448e-05	1.69448e-05	1.69448e-05	1.69448e-05	1.69448e-05	1.69448e-05	1.69448e-05	1.69448e-05	1.69448e-05	1.69448e-05	
100	0.766317	3.33167e-05	3.33167e-05	3.33167e-05	3.33167e-05	0.23325	3.33167e-05	3.33167e-05	3.33167e-05	3.33167e-05	3.33167e-05	3.33167e-05	3.33167e-05	3.33167e-05	3.33167e-05	
101	0.790467	6.75607e-06	6.75607e-06	6.75607e-06	6.75607e-06	6.75607e-06	6.75607e-06	6.75607e-06	0.162152	6.75607e-06	6.75607e-06	6.75607e-06	6.75607e-06	0.0472993	6.75607e-06	
102	0.999588	2.93988e-05	2.93988e-05	2.93988e-05	2.93988e-05	2.93988e-05	2.93988e-05	2.93988e-05	2.93988e-05	2.93988e-05	2.93988e-05	2.93988e-05	2.93988e-05	2.93988e-05	2.93988e-05	
103	0.49991	1.3886e-05	1.3886e-05	0.347164	1.3886e-05	1.3886e-05	0.15276	1.3886e-05	1.3886e-05	1.3886e-05	1.3886e-05	1.3886e-05	1.3886e-05	1.3886e-05	1.3886e-05	
104	0.354077	2.08268e-05	2.08268e-05	2.08268e-05	0.541518	2.08268e-05	2.08268e-05	2.08268e-05	2.08268e-05	2.08268e-05	2.08268e-05	2.08268e-05	2.08268e-05	0.104155	2.08268e-05	
105	0.976109	5.95185e-06	5.95185e-06	5.95185e-06	5.95185e-06	5.95185e-06	5.95185e-06	5.95185e-06	5.95185e-06	5.95185e-06	0.0238133	5.95185e-06	5.95185e-06	5.95185e-06	5.95185e-06	
106	0.999563	3.12354e-05	3.12354e-05	3.12354e-05	3.12354e-05	3.12354e-05	3.12354e-05	3.12354e-05	3.12354e-05	3.12354e-05	3.12354e-05	3.12354e-05	3.12354e-05	3.12354e-05	3.12354e-05	
107	0.422871	3.84394e-05	3.84394e-05	0.422871	3.84394e-05	3.84394e-05	3.84394e-05	3.84394e-05	3.84394e-05	3.84394e-05	3.84394e-05	3.84394e-05	3.84394e-05	0.153796	3.84394e-05	
108	0.612639	3.22425e-05	3.22425e-05	0.386942	3.22425e-05	3.22425e-05	3.22425e-05	3.22425e-05	3.22425e-05	3.22425e-05	3.22425e-05	3.22425e-05	3.22425e-05	3.22425e-05	3.22425e-05	
109	0.999622	2.70161e-05	2.70161e-05	2.70161e-05	2.70161e-05	2.70161e-05	2.70161e-05	2.70161e-05	2.70161e-05	2.70161e-05	2.70161e-05	2.70161e-05	2.70161e-05	2.70161e-05	2.70161e-05	
110	0.742567	2.85592e-05	2.85592e-05	2.85592e-05	2.85592e-05	0.257061	2.85592e-05	2.85592e-05	2.85592e-05	2.85592e-05	2.85592e-05	2.85592e-05	2.85592e-05	2.85592e-05	2.85592e-05	
111	2.93988e-05	2.93988e-05	2.93988e-05	2.93988e-05	2.93988e-05	0.999588	2.93988e-05	2.93988e-05	2.93988e-05	2.93988e-05	2.93988e-05	2.93988e-05	2.93988e-05	2.93988e-05	2.93988e-05	
112	2.93988e-05	2.93988e-05	2.93988e-05	2.93988e-05	2.93988e-05	0.999588	2.93988e-05	2.93988e-05	2.93988e-05	2.93988e-05	2.93988e-05	2.93988e-05	2.93988e-05	2.93988e-05	2.93988e-05	
113	2.93988e-05	2.93988e-05	2.93988e-05	2.93988e-05	2.93988e-05	0.999588	2.93988e-05	2.93988e-05	2.93988e-05	2.93988e-05	2.93988e-05	2.93988e-05	2.93988e-05	2.93988e-05	2.93988e-05	
114	2.63054e-05	2.63054e-05	2.63054e-05	2.63054e-05	2.63054e-05	0.999632	2.63054e-05	2.63054e-05	2.63054e-05	2.63054e-05	2.63054e-05	2.63054e-05	2.63054e-05	2.63054e-05	2.63054e-05	
115	1.51481e-05	1.51481e-05	1.51481e-05	1.51481e-05	1.51481e-05	0.999788	1.51481e-05	1.51481e-05	1.51481e-05	1.51481e-05	1.51481e-05	1.51481e-05	1.51481e-05	1.51481e-05	1.51481e-05	
116	1.63894e-05	1.63894e-05	1.63894e-05	1.63894e-05	1.63894e-05	0.213079	0.131132	1.63894e-05	0.540867	1.63894e-05	1.63894e-05	1.63894e-05	1.63894e-05	1.63894e-05	0.114742	
117	1.4922e-05	1.4922e-05	1.4922e-05	1.4922e-05	1.4922e-05	0.999791	1.4922e-05	1.4922e-05	1.4922e-05	1.4922e-05	1.4922e-05	1.4922e-05	1.4922e-05	1.4922e-05	1.4922e-05	
118	0.350472	1.03077e-05	1.03077e-05	1.03077e-05	0.0515487	1.03077e-05	1.03077e-05	1.03077e-05	1.03077e-05	0.597856	1.03077e-05	1.03077e-05	1.03077e-05	1.03077e-05	1.03077e-05	
119	0.666334	3.70165e-05	3.70165e-05	3.70165e-05	3.70165e-05	3.70165e-05	3.70165e-05	3.70165e-05	3.70165e-05	3.70165e-05	3.70165e-05	3.70165e-05	3.70165e-05	3.70165e-05	0.333185	
120	2.08268e-05	2.08268e-05	2.08268e-05	2.08268e-05	0.249943	2.08268e-05	2.08268e-05	2.08268e-05	0.624826	2.08268e-05	2.08268e-05	2.08268e-05	0.124982	2.08268e-05	2.08268e-05	
121	5.87717e-05	5.87717e-05	5.87717e-05	5.87717e-05	5.87717e-05	5.87717e-05	5.87717e-05	5.87717e-05	0.881634	5.87717e-05	5.87717e-05	5.87717e-05	5.87717e-05	5.87717e-05	0.117602	
122	2.27195e-05	2.27195e-05	2.27195e-05	2.27195e-05	2.27195e-05	2.27195e-05	2.27195e-05	2.27195e-05	2.27195e-05	0.545291	2.27195e-05	0.454413	2.27195e-05	2.27195e-05	2.27195e-05	
123	0.958911	2.04019e-05	0.0408242	2.04019e-05	2.04019e-05	2.04019e-05	2.04019e-05	2.04019e-05	2.04019e-05	2.04019e-05	2.04019e-05	2.04019e-05	2.04019e-05	2.04019e-05	2.04019e-05	
124	0.999702	2.12698e-05	2.12698e-05	2.12698e-05	2.12698e-05	2.12698e-05	2.12698e-05	2.12698e-05	2.12698e-05	2.12698e-05	2.12698e-05	2.12698e-05	2.12698e-05	2.12698e-05	2.12698e-05	
125	0.525553	1.2818e-05	1.2818e-05	1.2818e-05	0.0897392	1.2818e-05	1.2818e-05	1.2818e-05	1.2818e-05	0.384554	1.2818e-05	1.2818e-05	1.2818e-05	1.2818e-05	1.2818e-05	
126	0.999675	2.32477e-05	2.32477e-05	2.32477e-05	2.32477e-05	2.32477e-05	2.32477e-05	2.32477e-05	2.32477e-05	2.32477e-05	2.32477e-05	2.32477e-05	2.32477e-05	2.32477e-05	2.32477e-05	
127	0.749147	8.32293e-05	8.32293e-05	8.32293e-05	8.32293e-05	0.249771	8.32293e-05	8.32293e-05	8.32293e-05	8.32293e-05	8.32293e-05	8.32293e-05	8.32293e-05	8.32293e-05	8.32293e-05	
128	3.33167e-05	3.33167e-05	3.33167e-05	3.33167e-05	3.33167e-05	3.33167e-05	3.33167e-05	3.33167e-05	0.699683	0.299883	3.33167e-05	3.33167e-05	3.33167e-05	3.33167e-05	3.33167e-05	
129	0.849413	4.99625e-05	4.99625e-05	4.99625e-05	4.99625e-05	4.99625e-05	4.99625e-05	4.99625e-05	0.149938	4.99625e-05	4.99625e-05	4.99625e-05	4.99625e-05	4.99625e-05	4.99625e-05	
130	0.479124	0.0277818	6.94372e-06	6.94372e-06	0.0694442	6.94372e-06	6.94372e-06	6.94372e-06	6.94372e-06	6.94372e-06	6.94372e-06	6.94372e-06	0.124994	0.298587	6.94372e-06	
131	0.439776	3.9976e-05	3.9976e-05	3.9976e-05	3.9976e-05	3.9976e-05	3.9976e-05	3.9976e-05	3.9976e-05	0.559704	3.9976e-05	3.9976e-05	3.9976e-05	3.9976e-05	3.9976e-05	
132	0.999223	5.55093e-05	5.55093e-05	5.55093e-05	5.55093e-05	5.55093e-05	5.55093e-05	5.55093e-05	5.55093e-05	5.55093e-05	5.55093e-05	5.55093e-05	5.55093e-05	5.55093e-05	5.55093e-05	
133	0.643921	1.69448e-05	1.69448e-05	0.118631	1.69448e-05	1.69448e-05	1.69448e-05	1.69448e-05	1.69448e-05	0.237245	1.69448e-05	1.69448e-05	1.69448e-05	1.69448e-05	1.69448e-05	
134	1.44896e-05	1.44896e-05	1.44896e-05	1.44896e-05	0.130421	1.44896e-05	1.44896e-05	1.44896e-05	0.231848	0.52164	1.44896e-05	1.44896e-05	1.44896e-05	0.115931	1.44896e-05	
135	0.733	3.33167e-05	3.33167e-05	3.33167e-05	3.33167e-05	3.33167e-05	3.33167e-05	3.33167e-05	3.33167e-05	3.33167e-05	0.0666667	3.33167e-05	3.33167e-05	3.33167e-05	0.199933	
136	0.0169618	1.69448e-05	1.69448e-05	1.69448e-05	0.321969	1.69448e-05	1.69448e-05	1.69448e-05	0.660866	1.69448e-05	1.69448e-05	1.69448e-05	1.69448e-05	1.69448e-05	1.69448e-05	
137	0.616529	1.66625e-05	0.0666667	1.66625e-05	1.66625e-05	0.316604	1.66625e-05	1.66625e-05	1.66625e-05	1.66625e-05	1.66625e-05	1.66625e-05	1.66625e-05	1.66625e-05	1.66625e-05	
138	2.77662e-05	2.77662e-05	2.77662e-05	2.77662e-05	2.77662e-05	2.77662e-05	2.77662e-05	2.77662e-05	0.333222	2.77662e-05	2.77662e-05	2.77662e-05	2.77662e-05	0.666417	2.77662e-05	
139	0.793797	2.93988e-05	2.93988e-05	2.93988e-05	0.205821	2.93988e-05	2.93988e-05	2.93988e-05	2.93988e-05	2.93988e-05	2.93988e-05	2.93988e-05	2.93988e-05	2.93988e-05	2.93988e-05	
140	0.9995	3.56952e-05	3.56952e-05	3.56952e-05	3.56952e-05	3.56952e-05	3.56952e-05	3.56952e-05	3.56952e-05	3.56952e-05	3.56952e-05	3.56952e-05	3.56952e-05	3.56952e-05	3.56952e-05	
141	0.624869	1.56213e-05	1.56213e-05	1.56213e-05	1.56213e-05	1.56213e-05	1.56213e-05	1.56213e-05	1.56213e-05	0.124986	1.56213e-05	1.56213e-05	1.56213e-05	0.249957	1.56213e-05	
142	8.32293e-05	8.32293e-05	8.32293e-05	8.32293e-05	8.32293e-05	0.998835	8.32293e-05	8.32293e-05	8.32293e-05	8.32293e-05	8.32293e-05	8.32293e-05	8.32293e-05	8.32293e-05	8.32293e-05	
143	7.68344e-05	7.68344e-05	7.68344e-05	7.68344e-05	7.68344e-05	0.998924	7.68344e-05	7.68344e-05	7.68344e-05	7.68344e-05	7.68344e-05	7.68344e-05	7.68344e-05	7.68344e-05	7.68344e-05	
144	6.66001e-05	6.66001e-05	6.66001e-05	6.66001e-05	6.66001e-05	0.999068	6.66001e-05	6.66001e-05	6.66001e-05	6.66001e-05	6.66001e-05	6.66001e-05	6.66001e-05	6.66001e-05	6.66001e-05	
145	0.851416	3.70165e-05	3.70165e-05	3.70165e-05	0.148103	3.70165e-05	3.70165e-05	3.70165e-05	3.70165e-05	3.70165e-05	3.70165e-05	3.70165e-05	3.70165e-05	3.70165e-05	3.70165e-05	
146	0.806094	3.22425e-05	3.22425e-05	3.22425e-05	3.22425e-05	3.22425e-05	0.193487	3.22425e-05	3.22425e-05	3.22425e-05	3.22425e-05	3.22425e-05	3.22425e-05	3.22425e-05	3.22425e-05	
147	0.685449	2.85592e-05	0.31418	2.85592e-05	2.85592e-05	2.85592e-05	2.85592e-05	2.85592e-05	2.85592e-05	2.85592e-05	2.85592e-05	2.85592e-05	2.85592e-05	2.85592e-05	2.85592e-05	
148	0.418848	1.35108e-05	1.35108e-05	1.35108e-05	1.35108e-05	0.0810782	1.35108e-05	1.35108e-05	1.35108e-05	0.432358	1.35108e-05	0.0675674	1.35108e-05	1.35108e-05	1.35108e-05	
149	0.258018	1.61251e-05	0.145142	1.61251e-05	1.61251e-05	0.548271	1.61251e-05	1.61251e-05	1.61251e-05	1.61251e-05	1.61251e-05	1.61251e-05	0.0483915	1.61251e-05	1.61251e-05	
150	0.999334	4.75851e-05	4.75851e-05	4.75851e-05	4.75851e-05	4.75851e-05	4.75851e-05	4.75851e-05	4.75851e-05	4.75851e-05	4.75851e-05	4.75851e-05	4.75851e-05	4.75851e-05	4.75851e-05	
151	0.841799	2.63054e-05	2.63054e-05	2.63054e-05	2.63054e-05	2.63054e-05	2.63054e-05	2.63054e-05	2.63054e-05	2.63054e-05	2.63054e-05	2.63054e-05	0.157859	2.63054e-05	2.63054e-05	
152	0.499675	4.99625e-05	4.99625e-05	4.99625e-05	4.99625e-05	4.99625e-05	4.99625e-05	4.99625e-05	4.99625e-05	0.499675	4.99625e-05	4.99625e-05	4.99625e-05	4.99625e-05	4.99625e-05	
153	0.490446	0.245232	1.88626e-05	1.88626e-05	0.169782	1.88626e-05	1.88626e-05	1.88626e-05	1.88626e-05	1.88626e-05	1.88626e-05	1.88626e-05	1.88626e-05	1.88626e-05	0.0943318	
154	0.749488	4.99625e-05	4.99625e-05	4.99625e-05	4.99625e-05	0.249863	4.99625e-05	4.99625e-05	4.99625e-05	4.99625e-05	4.99625e-05	4.99625e-05	4.99625e-05	4.99625e-05	4.99625e-05	
155	2.22148e-05	2.22148e-05	2.22148e-05	2.22148e-05	2.22148e-05	2.22148e-05	0.199956	2.22148e-05	2.22148e-05	0.710896	0.0888815	2.22148e-05	2.22148e-05	2.22148e-05	2.22148e-05	
156	0.69981	1.9994e-05	1.9994e-05	1.9994e-05	1.9994e-05	1.9994e-05	1.9994e-05	1.9994e-05	0.29993	1.9994e-05	1.9994e-05	1.9994e-05	1.9994e-05	1.9994e-05	1.9994e-05	
157	0.406091	3.12354e-05	3.12354e-05	0.593503	3.12354e-05	3.12354e-05	3.12354e-05	3.12354e-05	3.12354e-05	3.12354e-05	3.12354e-05	3.12354e-05	3.12354e-05	3.12354e-05	3.12354e-05	
158	0.936301	1.58692e-05	0.0476236	1.58692e-05	1.58692e-05	1.58692e-05	1.58692e-05	1.58692e-05	1.58692e-05	1.58692e-05	1.58692e-05	1.58692e-05	1.58692e-05	0.0158851	1.58692e-05	
159	0.999068	6.66001e-05	6.66001e-05	6.66001e-05	6.66001e-05	6.66001e-05	6.66001e-05	6.66001e-05	6.66001e-05	6.66001e-05	6.66001e-05	6.66001e-05	6.66001e-05	6.66001e-05	6.66001e-05	
160	8.32293e-05	8.32293e-05	8.32293e-05	8.32293e-05	8.32293e-05	8.32293e-05	8.32293e-05	8.32293e-05	0.832376	8.32293e-05	8.32293e-05	8.32293e-05	8.32293e-05	0.166542	8.32293e-05	
161	2.56312e-05	2.56312e-05	2.56312e-05	2.56312e-05	2.56312e-05	2.56312e-05	2.56312e-05	2.56312e-05	0.999641	2.56312e-05	2.56312e-05	2.56312e-05	2.56312e-05	2.56312e-05	2.56312e-05	
162	0.999462	3.84394e-05	3.84394e-05	3.84394e-05	3.84394e-05	3.84394e-05	3.84394e-05	3.84394e-05	3.84394e-05	3.84394e-05	3.84394e-05	3.84394e-05	3.84394e-05	3.84394e-05	3.84394e-05	
163	0.707933	4.16406e-05	4.16406e-05	4.16406e-05	4.16406e-05	0.291526	4.16406e-05	4.16406e-05	4.16406e-05	4.16406e-05	4.16406e-05	4.16406e-05	4.16406e-05	4.16406e-05	4.16406e-05	
164	0.636234	1.51481e-05	1.51481e-05	1.51481e-05	0.363569	1.51481e-05	1.51481e-05	1.51481e-05	1.51481e-05	1.51481e-05	1.51481e-05	1.51481e-05	1.51481e-05	1.51481e-05	1.51481e-05	
165	0.393791	3.02893e-05	3.02893e-05	3.02893e-05	3.02893e-05	0.514948	3.02893e-05	3.02893e-05	3.02893e-05	3.02893e-05	3.02893e-05	0.0908981	3.02893e-05	3.02893e-05	3.02893e-05	
166	0.701587	1.75392e-05	1.75392e-05	1.75392e-05	1.75392e-05	1.75392e-05	1.75392e-05	1.75392e-05	0.140331	1.75392e-05	1.75392e-05	1.75392e-05	1.75392e-05	0.157871	1.75392e-05	
167	0.42408	3.02893e-05	3.02893e-05	3.02893e-05	0.302923	3.02893e-05	3.02893e-05	3.02893e-05	3.02893e-05	0.272634	3.02893e-05	3.02893e-05	3.02893e-05	3.02893e-05	3.02893e-05	
168	6.66001e-05	6.66001e-05	6.66001e-05	6.66001e-05	6.66001e-05	6.66001e-05	6.66001e-05	6.66001e-05	0.999068	6.66001e-05	6.66001e-05	6.66001e-05	6.66001e-05	6.66001e-05	6.66001e-05	
169	0.475535	1.21929e-05	1.21929e-05	0.268256	1.21929e-05	0.0731695	1.21929e-05	1.21929e-05	1.21929e-05	0.182906	1.21929e-05	1.21929e-05	1.21929e-05	1.21929e-05	1.21929e-05	
170	0.958911	2.04019e-05	2.04019e-05	2.04019e-05	0.0408242	2.04019e-05	2.04019e-05	2.04019e-05	2.04019e-05	2.04019e-05	2.04019e-05	2.04019e-05	2.04019e-05	2.04019e-05	2.04019e-05	
171	1.58692e-05	1.58692e-05	1.58692e-05	1.58692e-05	1.58692e-05	0.618916	0.380878	1.58692e-05	1.58692e-05	1.58692e-05	1.58692e-05	1.58692e-05	1.58692e-05	1.58692e-05	1.58692e-05	
172	0.639656	3.9976e-05	3.9976e-05	3.9976e-05	0.359824	3.9976e-05	3.9976e-05	3.9976e-05	3.9976e-05	3.9976e-05	3.9976e-05	3.9976e-05	3.9976e-05	3.9976e-05	3.9976e-05	
173	0.333278	1.3886e-05	1.3886e-05	1.3886e-05	0.56934	1.3886e-05	1.3886e-05	1.3886e-05	1.3886e-05	1.3886e-05	1.3886e-05	1.3886e-05	1.3886e-05	0.0972159	1.3886e-05	
174	0.888204	5.55093e-05	5.55093e-05	5.55093e-05	5.55093e-05	5.55093e-05	5.55093e-05	5.55093e-05	0.111074	5.55093e-05	5.55093e-05	5.55093e-05	5.55093e-05	5.55093e-05	5.55093e-05	
175	0.699525	4.99625e-05	4.99625e-05	4.99625e-05	4.99625e-05	4.99625e-05	4.99625e-05	4.99625e-05	0.299825	4.99625e-05	4.99625e-05	4.99625e-05	4.99625e-05	4.99625e-05	4.99625e-05	
176	4.54236e-05	4.54236e-05	4.54236e-05	4.54236e-05	4.54236e-05	4.54236e-05	4.54236e-05	4.54236e-05	0.999364	4.54236e-05	4.54236e-05	4.54236e-05	4.54236e-05	4.54236e-05	4.54236e-05	
177	3.56952e-05	3.56952e-05	3.56952e-05	3.56952e-05	3.56952e-05	3.56952e-05	3.56952e-05	3.56952e-05	0.678244	3.56952e-05	3.56952e-05	3.56952e-05	3.56952e-05	0.321292	3.56952e-05	
178	1.47026e-05	1.47026e-05	1.47026e-05	1.47026e-05	1.47026e-05	0.661633	0.338175	1.47026e-05	1.47026e-05	1.47026e-05	1.47026e-05	1.47026e-05	1.47026e-05	1.47026e-05	1.47026e-05	
179	0.998835	8.32293e-05	8.32293e-05	8.32293e-05	8.32293e-05	8.32293e-05	8.32293e-05	8.32293e-05	8.32293e-05	8.32293e-05	8.32293e-05	8.32293e-05	8.32293e-05	8.32293e-05	8.32293e-05	
180	0.871485	2.56312e-05	2.56312e-05	2.56312e-05	2.56312e-05	0.10255	2.56312e-05	2.56312e-05	0.0256568	2.56312e-05	2.56312e-05	2.56312e-05	2.56312e-05	2.56312e-05	2.56312e-05	
181	0.540867	1.63894e-05	1.63894e-05	1.63894e-05	1.63894e-05	0.45892	1.63894e-05	1.63894e-05	1.63894e-05	1.63894e-05	1.63894e-05	1.63894e-05	1.63894e-05	1.63894e-05	1.63894e-05	
182	1.9994e-05	1.9994e-05	0.19996	0.279936	1.9994e-05	0.19996	1.9994e-05	1.9994e-05	0.319924	1.9994e-05	1.9994e-05	1.9994e-05	1.9994e-05	1.9994e-05	1.9994e-05	
183	2.3801e-05	2.3801e-05	0.14283	2.3801e-05	0.428442	2.3801e-05	0.166631	2.3801e-05	2.3801e-05	2.3801e-05	0.261835	2.3801e-05	2.3801e-05	2.3801e-05	2.3801e-05	
184	0.749573	4.16406e-05	4.16406e-05	4.16406e-05	4.16406e-05	4.16406e-05	4.16406e-05	4.16406e-05	4.16406e-05	4.16406e-05	0.166604	4.16406e-05	4.16406e-05	0.0833229	4.16406e-05	
185	0.732667	6.66001e-05	6.66001e-05	6.66001e-05	6.66001e-05	0.266467	6.66001e-05	6.66001e-05	6.66001e-05	6.66001e-05	6.66001e-05	6.66001e-05	6.66001e-05	6.66001e-05	6.66001e-05	
186	0.713593	7.13521e-05	7.13521e-05	7.13521e-05	7.13521e-05	7.13521e-05	0.28548	7.13521e-05	7.13521e-05	7.13521e-05	7.13521e-05	7.13521e-05	7.13521e-05	7.13521e-05	7.13521e-05	
187	0.499536	7.13521e-05	7.13521e-05	7.13521e-05	7.13521e-05	7.13521e-05	7.13521e-05	7.13521e-05	0.499536	7.13521e-05	7.13521e-05	7.13521e-05	7.13521e-05	7.13521e-05	7.13521e-05	
188	0.528472	0.128558	1.42827e-05	1.42827e-05	1.42827e-05	0.342798	1.42827e-05	1.42827e-05	1.42827e-05	1.42827e-05	1.42827e-05	1.42827e-05	1.42827e-05	1.42827e-05	1.42827e-05	
189	0.999549	3.22425e-05	3.22425e-05	3.22425e-05	3.22425e-05	3.22425e-05	3.22425e-05	3.22425e-05	3.22425e-05	3.22425e-05	3.22425e-05	3.22425e-05	3.22425e-05	3.22425e-05	3.22425e-05	
190	5.87717e-05	5.87717e-05	5.87717e-05	5.87717e-05	5.87717e-05	5.87717e-05	0.587775	5.87717e-05	5.87717e-05	0.41146	5.87717e-05	5.87717e-05	5.87717e-05	5.87717e-05	5.87717e-05	
191	0.789188	2.63054e-05	2.63054e-05	2.63054e-05	2.63054e-05	2.63054e-05	2.63054e-05	2.63054e-05	2.63054e-05	0.21047	2.63054e-05	2.63054e-05	2.63054e-05	2.63054e-05	2.63054e-05	
192	0.922583	3.84394e-05	3.84394e-05	3.84394e-05	3.84394e-05	3.84394e-05	3.84394e-05	3.84394e-05	3.84394e-05	3.84394e-05	3.84394e-05	3.84394e-05	3.84394e-05	3.84394e-05	0.0769172	
193	0.999482	3.70165e-05	3.70165e-05	3.70165e-05	3.70165e-05	3.70165e-05	3.70165e-05	3.70165e-05	3.70165e-05	3.70165e-05	3.70165e-05	3.70165e-05	3.70165e-05	3.70165e-05	3.70165e-05	
194	0.999126	6.24415e-05	6.24415e-05	6.24415e-05	6.24415e-05	6.24415e-05	6.24415e-05	6.24415e-05	6.24415e-05	6.24415e-05	6.24415e-05	6.24415e-05	6.24415e-05	6.24415e-05	6.24415e-05	
195	0.722675	9.89952e-06	9.89952e-06	9.89952e-06	0.277196	9.89952e-06	9.89952e-06	9.89952e-06	9.89952e-06	9.89952e-06	9.89952e-06	9.89952e-06	9.89952e-06	9.89952e-06	9.89952e-06	
196	0.227218	2.27195e-05	2.27195e-05	2.27195e-05	0.772487	2.27195e-05	2.27195e-05	2.27195e-05	2.27195e-05	2.27195e-05	2.27195e-05	2.27195e-05	2.27195e-05	2.27195e-05	2.27195e-05	
197	3.56952e-05	3.56952e-05	3.56952e-05	3.56952e-05	3.56952e-05	3.56952e-05	3.56952e-05	3.56952e-05	0.9995	3.56952e-05	3.56952e-05	3.56952e-05	3.56952e-05	3.56952e-05	3.56952e-05	
198	0.999622	2.70161e-05	2.70161e-05	2.70161e-05	2.70161e-05	2.70161e-05	2.70161e-05	2.70161e-05	2.70161e-05	2.70161e-05	2.70161e-05	2.70161e-05	2.70161e-05	2.70161e-05	2.70161e-05	
199	0.9995	3.56952e-05	3.56952e-05	3.56952e-05	3.56952e-05	3.56952e-05	3.56952e-05	3.56952e-05	3.56952e-05	3.56952e-05	3.56952e-05	3.56952e-05	3.56952e-05	3.56952e-05	3.56952e-05	
200	0.444235	3.70165e-05	0.07407	3.70165e-05	3.70165e-05	0.407218	3.70165e-05	3.70165e-05	3.70165e-05	3.70165e-05	3.70165e-05	3.70165e-05	3.70165e-05	0.07407	3.70165e-05	
201	0.542653	0.114265	2.85592e-05	2.85592e-05	2.85592e-05	0.342739	2.85592e-05	2.85592e-05	2.85592e-05	2.85592e-05	2.85592e-05	2.85592e-05	2.85592e-05	2.85592e-05	2.85592e-05	
202	0.773851	3.22425e-05	3.22425e-05	0.225729	3.22425e-05	3.22425e-05	3.22425e-05	3.22425e-05	3.22425e-05	3.22425e-05	3.22425e-05	3.22425e-05	3.22425e-05	3.22425e-05	3.22425e-05	
203	0.551473	3.44649e-05	3.44649e-05	3.44649e-05	0.448079	3.44649e-05	3.44649e-05	3.44649e-05	3.44649e-05	3.44649e-05	3.44649e-05	3.44649e-05	3.44649e-05	3.44649e-05	3.44649e-05	
204	0.529004	5.87717e-05	5.87717e-05	5.87717e-05	0.117602	5.87717e-05	5.87717e-05	5.87717e-05	5.87717e-05	5.87717e-05	5.87717e-05	5.87717e-05	5.87717e-05	0.352689	5.87717e-05	
205	1.11093e-05	1.11093e-05	1.11093e-05	0.16665	0.0777759	1.11093e-05	1.11093e-05	1.11093e-05	0.32218	1.11093e-05	1.11093e-05	1.11093e-05	1.11093e-05	0.433272	1.11093e-05	
206	0.59073	2.27195e-05	2.27195e-05	2.27195e-05	0.340816	2.27195e-05	2.27195e-05	2.27195e-05	2.27195e-05	2.27195e-05	2.27195e-05	2.27195e-05	2.27195e-05	2.27195e-05	0.0681813	
207	0.281149	3.12354e-05	3.12354e-05	3.12354e-05	3.12354e-05	3.12354e-05	3.12354e-05	3.12354e-05	3.12354e-05	3.12354e-05	3.12354e-05	0.531032	3.12354e-05	3.12354e-05	0.187443	
208	0.764091	5.87717e-05	5.87717e-05	0.235145	5.87717e-05	5.87717e-05	5.87717e-05	5.87717e-05	5.87717e-05	5.87717e-05	5.87717e-05	5.87717e-05	5.87717e-05	5.87717e-05	5.87717e-05	
209	0.162143	1.35108e-05	0.28374	1.35108e-05	1.35108e-05	0.337783	1.35108e-05	1.35108e-05	1.35108e-05	0.216186	1.35108e-05	1.35108e-05	1.35108e-05	1.35108e-05	1.35108e-05	
210	0.296169	3.70165e-05	3.70165e-05	3.70165e-05	3.70165e-05	3.70165e-05	3.70165e-05	3.70165e-05	3.70165e-05	0.70335	3.70165e-05	3.70165e-05	3.70165e-05	3.70165e-05	3.70165e-05	
211	0.832376	8.32293e-05	8.32293e-05	8.32293e-05	0.166542	8.32293e-05	8.32293e-05	8.32293e-05	8.32293e-05	8.32293e-05	8.32293e-05	8.32293e-05	8.32293e-05	8.32293e-05	8.32293e-05	
212	0.999675	2.32477e-05	2.32477e-05	2.32477e-05	2.32477e-05	2.32477e-05	2.32477e-05	2.32477e-05	2.32477e-05	2.32477e-05	2.32477e-05	2.32477e-05	2.32477e-05	2.32477e-05	2.32477e-05	
213	0.499783	3.33167e-05	3.33167e-05	3.33167e-05	3.33167e-05	3.33167e-05	0.499783	3.33167e-05	3.33167e-05	3.33167e-05	3.33167e-05	3.33167e-05	3.33167e-05	3.33167e-05	3.33167e-05	
214	0.999223	5.55093e-05	5.55093e-05	5.55093e-05	5.55093e-05	5.55093e-05	5.55093e-05	5.55093e-05	5.55093e-05	5.55093e-05	5.55093e-05	5.55093e-05	5.55093e-05	5.55093e-05	5.55093e-05	
215	0.31801	4.54236e-05	4.54236e-05	4.54236e-05	4.54236e-05	4.54236e-05	4.54236e-05	4.54236e-05	4.54236e-05	4.54236e-05	4.54236e-05	0.681399	4.54236e-05	4.54236e-05	4.54236e-05	
216	1.23434e-05	1.23434e-05	1.23434e-05	0.0370425	0.296254	1.23434e-05	1.23434e-05	1.23434e-05	1.23434e-05	0.271567	0.0246991	0.370314	1.23434e-05	1.23434e-05	1.23434e-05	
217	3.9976e-05	3.9976e-05	3.9976e-05	3.9976e-05	3.9976e-05	0.19992	3.9976e-05	3.9976e-05	0.59968	3.9976e-05	3.9976e-05	3.9976e-05	3.9976e-05	0.19992	3.9976e-05	
218	0.304728	9.52245e-06	0.0761891	9.52245e-06	9.52245e-06	9.52245e-06	9.52245e-06	9.52245e-06	9.52245e-06	0.514222	9.52245e-06	0.104756	9.52245e-06	9.52245e-06	9.52245e-06	
219	0.972606	2.70161e-05	2.70161e-05	2.70161e-05	2.70161e-05	2.70161e-05	0.0270431	2.70161e-05	2.70161e-05	2.70161e-05	2.70161e-05	2.70161e-05	2.70161e-05	2.70161e-05	2.70161e-05	
220	0.957776	4.16406e-05	4.16406e-05	4.16406e-05	4.16406e-05	4.16406e-05	4.16406e-05	4.16406e-05	4.16406e-05	4.16406e-05	4.16406e-05	4.16406e-05	4.16406e-05	0.0416823	4.16406e-05	
221	0.590035	1.63894e-05	1.63894e-05	1.63894e-05	0.163911	1.63894e-05	1.63894e-05	1.63894e-05	1.63894e-05	0.114742	1.63894e-05	1.63894e-05	1.63894e-05	0.131132	1.63894e-05	
222	0.699525	4.99625e-05	4.99625e-05	4.99625e-05	4.99625e-05	0.1999	4.99625e-05	4.99625e-05	4.99625e-05	4.99625e-05	4.99625e-05	4.99625e-05	4.99625e-05	0.099975	4.99625e-05	
223	0.999392	4.34499e-05	4.34499e-05	4.34499e-05	4.34499e-05	4.34499e-05	4.34499e-05	4.34499e-05	4.34499e-05	4.34499e-05	4.34499e-05	4.34499e-05	4.34499e-05	4.34499e-05	4.34499e-05	
224	0.499729	4.16406e-05	4.16406e-05	4.16406e-05	4.16406e-05	0.291526	4.16406e-05	4.16406e-05	4.16406e-05	4.16406e-05	4.16406e-05	4.16406e-05	4.16406e-05	4.16406e-05	0.208245	
225	0.694638	1.05247e-05	1.05247e-05	1.05247e-05	0.168405	1.05247e-05	1.05247e-05	1.05247e-05	1.05247e-05	1.05247e-05	0.0526338	0.0210598	1.05247e-05	0.0631584	1.05247e-05	
226	0.696683	3.02893e-05	3.02893e-05	0.0606088	3.02893e-05	3.02893e-05	3.02893e-05	3.02893e-05	0.242344	3.02893e-05	3.02893e-05	3.02893e-05	3.02893e-05	3.02893e-05	3.02893e-05	
